image_width: 856
image_height: 480
camera_name: bebop_front
camera_matrix:
  rows: 3
  cols: 3
  data: [540.9302687715921, 0.0, 425.54073188967334, 0.0, 522.9898773454503, 236.35663071039508, 0.0, 0.0, 1.0]
distortion_model: plumb_bob
distortion_coefficients:
  rows: 1
  cols: 5
  data: [0.028218199264680846, 0.004486532297014919, -0.0034552944974480717, -0.005652892489480337, 0.0]
rectification_matrix:
  rows: 3
  cols: 3
  data: [1, 0, 0, 0, 1, 0, 0, 0, 1]
projection_matrix:
  rows: 3
  cols: 4
  data: [555.1130981445312, 0.0, 419.40780836285194, 0.0, 0.0, 539.0007934570312, 233.86576115559, 0.0, 0.0, 0.0, 1.0, 0.0]
